# r                      g(r)
2.500000000000000052e-03 0.000000000000000000e+00
7.499999999999999722e-03 0.000000000000000000e+00
1.249999999999999896e-02 0.000000000000000000e+00
1.749999999999999820e-02 0.000000000000000000e+00
2.249999999999999570e-02 0.000000000000000000e+00
2.749999999999999320e-02 0.000000000000000000e+00
3.249999999999999417e-02 0.000000000000000000e+00
3.749999999999999861e-02 0.000000000000000000e+00
4.249999999999999611e-02 0.000000000000000000e+00
4.749999999999999362e-02 0.000000000000000000e+00
5.249999999999999112e-02 0.000000000000000000e+00
5.749999999999999556e-02 0.000000000000000000e+00
6.249999999999999306e-02 0.000000000000000000e+00
6.749999999999999056e-02 0.000000000000000000e+00
7.249999999999999500e-02 0.000000000000000000e+00
7.749999999999998557e-02 0.000000000000000000e+00
8.249999999999999001e-02 0.000000000000000000e+00
8.749999999999999445e-02 0.000000000000000000e+00
9.249999999999998501e-02 0.000000000000000000e+00
9.749999999999998945e-02 0.000000000000000000e+00
1.024999999999999800e-01 0.000000000000000000e+00
1.074999999999999845e-01 0.000000000000000000e+00
1.124999999999999889e-01 0.000000000000000000e+00
1.174999999999999795e-01 0.000000000000000000e+00
1.224999999999999839e-01 0.000000000000000000e+00
1.274999999999999745e-01 0.000000000000000000e+00
1.324999999999999789e-01 0.000000000000000000e+00
1.374999999999999833e-01 0.000000000000000000e+00
1.424999999999999878e-01 0.000000000000000000e+00
1.474999999999999922e-01 0.000000000000000000e+00
1.524999999999999689e-01 0.000000000000000000e+00
1.574999999999999734e-01 0.000000000000000000e+00
1.624999999999999778e-01 0.000000000000000000e+00
1.674999999999999822e-01 0.000000000000000000e+00
1.724999999999999867e-01 0.000000000000000000e+00
1.774999999999999634e-01 0.000000000000000000e+00
1.824999999999999678e-01 0.000000000000000000e+00
1.874999999999999722e-01 0.000000000000000000e+00
1.924999999999999767e-01 0.000000000000000000e+00
1.974999999999999811e-01 0.000000000000000000e+00
2.024999999999999578e-01 0.000000000000000000e+00
2.074999999999999623e-01 0.000000000000000000e+00
2.124999999999999667e-01 0.000000000000000000e+00
2.174999999999999711e-01 0.000000000000000000e+00
2.224999999999999756e-01 0.000000000000000000e+00
2.274999999999999800e-01 0.000000000000000000e+00
2.324999999999999567e-01 0.000000000000000000e+00
2.374999999999999611e-01 0.000000000000000000e+00
2.424999999999999656e-01 0.000000000000000000e+00
2.474999999999999700e-01 0.000000000000000000e+00
2.524999999999999467e-01 0.000000000000000000e+00
2.574999999999999512e-01 0.000000000000000000e+00
2.624999999999999556e-01 0.000000000000000000e+00
2.674999999999999600e-01 0.000000000000000000e+00
2.724999999999999645e-01 0.000000000000000000e+00
2.774999999999999689e-01 0.000000000000000000e+00
2.824999999999999734e-01 0.000000000000000000e+00
2.874999999999999778e-01 0.000000000000000000e+00
2.924999999999999822e-01 0.000000000000000000e+00
2.974999999999999312e-01 0.000000000000000000e+00
3.024999999999999356e-01 0.000000000000000000e+00
3.074999999999999400e-01 0.000000000000000000e+00
3.124999999999999445e-01 0.000000000000000000e+00
3.174999999999999489e-01 0.000000000000000000e+00
3.224999999999999534e-01 0.000000000000000000e+00
3.274999999999999578e-01 0.000000000000000000e+00
3.324999999999999623e-01 0.000000000000000000e+00
3.374999999999999667e-01 0.000000000000000000e+00
3.424999999999999711e-01 0.000000000000000000e+00
3.474999999999999756e-01 0.000000000000000000e+00
3.524999999999999245e-01 0.000000000000000000e+00
3.574999999999999289e-01 0.000000000000000000e+00
3.624999999999999334e-01 0.000000000000000000e+00
3.674999999999999378e-01 0.000000000000000000e+00
3.724999999999999423e-01 0.000000000000000000e+00
3.774999999999999467e-01 0.000000000000000000e+00
3.824999999999999512e-01 0.000000000000000000e+00
3.874999999999999556e-01 0.000000000000000000e+00
3.924999999999999600e-01 0.000000000000000000e+00
3.974999999999999645e-01 0.000000000000000000e+00
4.024999999999999134e-01 0.000000000000000000e+00
4.074999999999999178e-01 0.000000000000000000e+00
4.124999999999999223e-01 0.000000000000000000e+00
4.174999999999999267e-01 0.000000000000000000e+00
4.224999999999999312e-01 0.000000000000000000e+00
4.274999999999999356e-01 0.000000000000000000e+00
4.324999999999999400e-01 0.000000000000000000e+00
4.374999999999999445e-01 0.000000000000000000e+00
4.424999999999999489e-01 0.000000000000000000e+00
4.474999999999999534e-01 0.000000000000000000e+00
4.524999999999999578e-01 0.000000000000000000e+00
4.574999999999999067e-01 0.000000000000000000e+00
4.624999999999999112e-01 0.000000000000000000e+00
4.674999999999999156e-01 0.000000000000000000e+00
4.724999999999999201e-01 0.000000000000000000e+00
4.774999999999999245e-01 0.000000000000000000e+00
4.824999999999999289e-01 0.000000000000000000e+00
4.874999999999999334e-01 0.000000000000000000e+00
4.924999999999999378e-01 0.000000000000000000e+00
4.974999999999999423e-01 0.000000000000000000e+00
5.024999999999999467e-01 0.000000000000000000e+00
5.074999999999998401e-01 0.000000000000000000e+00
5.124999999999998446e-01 0.000000000000000000e+00
5.174999999999998490e-01 0.000000000000000000e+00
5.224999999999998535e-01 0.000000000000000000e+00
5.274999999999998579e-01 0.000000000000000000e+00
5.324999999999998623e-01 0.000000000000000000e+00
5.374999999999998668e-01 0.000000000000000000e+00
5.424999999999998712e-01 0.000000000000000000e+00
5.474999999999998757e-01 0.000000000000000000e+00
5.524999999999998801e-01 0.000000000000000000e+00
5.574999999999998845e-01 0.000000000000000000e+00
5.624999999999998890e-01 0.000000000000000000e+00
5.674999999999998934e-01 0.000000000000000000e+00
5.724999999999998979e-01 0.000000000000000000e+00
5.774999999999999023e-01 0.000000000000000000e+00
5.824999999999999067e-01 0.000000000000000000e+00
5.874999999999999112e-01 0.000000000000000000e+00
5.924999999999998046e-01 0.000000000000000000e+00
5.974999999999998090e-01 0.000000000000000000e+00
6.024999999999998135e-01 0.000000000000000000e+00
6.074999999999998179e-01 0.000000000000000000e+00
6.124999999999998224e-01 0.000000000000000000e+00
6.174999999999998268e-01 0.000000000000000000e+00
6.224999999999998312e-01 0.000000000000000000e+00
6.274999999999998357e-01 0.000000000000000000e+00
6.324999999999998401e-01 0.000000000000000000e+00
6.374999999999998446e-01 0.000000000000000000e+00
6.424999999999998490e-01 0.000000000000000000e+00
6.474999999999998535e-01 1.874907790003453203e-297
6.524999999999998579e-01 2.594972941270592133e-270
6.574999999999998623e-01 8.637892019722399721e-246
6.624999999999998668e-01 1.281224955030248685e-223
6.674999999999998712e-01 1.467543321111275946e-203
6.724999999999998757e-01 2.120393377122921070e-185
6.774999999999998801e-01 5.990211307862080716e-169
6.824999999999998845e-01 4.895621117914328711e-154
6.874999999999998890e-01 1.643304650882779209e-140
6.924999999999998934e-01 3.100560869662756807e-128
6.974999999999997868e-01 4.355794584300501792e-117
7.024999999999997913e-01 5.862407145186291045e-107
7.074999999999997957e-01 9.477706469281515368e-98
7.124999999999998002e-01 2.255101209474254222e-89
7.174999999999998046e-01 9.478515076370287940e-82
7.224999999999998090e-01 8.293125184848609180e-75
7.274999999999998135e-01 1.750883423771029279e-68
7.324999999999998179e-01 1.018905746230159038e-62
7.374999999999998224e-01 1.842529626944955442e-57
7.424999999999998268e-01 1.153585227500548310e-52
7.474999999999998312e-01 2.756805963316573950e-48
7.524999999999998357e-01 2.746240454485162732e-44
7.574999999999998401e-01 1.234839297576893664e-40
7.624999999999998446e-01 2.693210994162825457e-37
7.674999999999998490e-01 3.040795446496594080e-34
7.724999999999998535e-01 1.885166686630614210e-31
7.774999999999998579e-01 6.769160431522111095e-29
7.824999999999998623e-01 1.477565763251803807e-26
7.874999999999998668e-01 2.048484053082204071e-24
7.924999999999998712e-01 1.877040112773135834e-22
7.974999999999998757e-01 1.178577744972625272e-20
8.024999999999997691e-01 5.240068020703072414e-19
8.074999999999997735e-01 1.699654170811506631e-17
8.124999999999997780e-01 4.132430167634935101e-16
8.174999999999997824e-01 7.719439201796057219e-15
8.224999999999997868e-01 1.133061981315304408e-13
8.274999999999997913e-01 1.333800793637695172e-12
8.324999999999997957e-01 1.282892973736440922e-11
8.374999999999998002e-01 1.025485598679142034e-10
8.424999999999998046e-01 6.918901601694842054e-10
8.474999999999998090e-01 3.996254669082214622e-09
8.524999999999998135e-01 2.001625736017184712e-08
8.574999999999998179e-01 8.797228257552597821e-08
8.624999999999998224e-01 3.429415479215137446e-07
8.674999999999998268e-01 1.197517925785146903e-06
8.724999999999998312e-01 3.779572067221666182e-06
8.774999999999998357e-01 1.087127001023769084e-05
8.824999999999998401e-01 2.871245610479917809e-05
8.874999999999998446e-01 7.011518412764336441e-05
8.924999999999998490e-01 1.593136647198681625e-04
8.974999999999998535e-01 3.387748277880348068e-04
9.024999999999998579e-01 6.777894703630435837e-04
9.074999999999998623e-01 1.282098001504930473e-03
9.124999999999997558e-01 2.303205998055704064e-03
9.174999999999997602e-01 3.945593024238205904e-03
9.224999999999997646e-01 6.469885390923568562e-03
9.274999999999997691e-01 1.019034922492993711e-02
9.324999999999997735e-01 1.546575036925686847e-02
9.374999999999997780e-01 2.268359415519689490e-02
9.424999999999997824e-01 3.223879732394063780e-02
9.474999999999997868e-01 4.450873761824582220e-02
9.524999999999997913e-01 5.982719940053233404e-02
9.574999999999997957e-01 7.845989525050452162e-02
9.624999999999998002e-01 1.005839973638332219e-01
9.674999999999998046e-01 1.262735413501007709e-01
9.724999999999998090e-01 1.554917991212250161e-01
9.774999999999998135e-01 1.880908996137017342e-01
9.824999999999998179e-01 2.238182310595046298e-01
9.874999999999998224e-01 2.623285748677476326e-01
9.924999999999998268e-01 3.032005441751361996e-01
9.974999999999998312e-01 3.459557351457643870e-01
1.002499999999999947e+00 3.900790211702591104e-01
1.007499999999999840e+00 4.350385858541752082e-01
1.012499999999999734e+00 4.803045497041351086e-01
1.017499999999999849e+00 5.253653492791524604e-01
1.022499999999999742e+00 5.697413356348876023e-01
1.027499999999999858e+00 6.129953411487415460e-01
1.032499999999999751e+00 6.547402013447624070e-01
1.037499999999999867e+00 6.946434020967409140e-01
1.042499999999999760e+00 7.324291513598917280e-01
1.047499999999999876e+00 7.678782526499674521e-01
1.052499999999999769e+00 8.008261924449739944e-01
1.057499999999999885e+00 8.311598546122719311e-01
1.062499999999999778e+00 8.588132510802521935e-01
1.067499999999999893e+00 8.837626177313505638e-01
1.072499999999999787e+00 9.060211750683476728e-01
1.077499999999999680e+00 9.256338002942083865e-01
1.082499999999999796e+00 9.426718052686043903e-01
1.087499999999999689e+00 9.572279662508237363e-01
1.092499999999999805e+00 9.694119081755213641e-01
1.097499999999999698e+00 9.793459093133616289e-01
1.102499999999999813e+00 9.871611617597974009e-01
1.107499999999999707e+00 9.929944990278938288e-01
1.112499999999999822e+00 9.969855835574301661e-01
1.117499999999999716e+00 9.992745334921468991e-01
1.122499999999999831e+00 1.000000000000000000e+00
1.127499999999999725e+00 1.000000000000000000e+00
1.132499999999999840e+00 1.000000000000000000e+00
1.137499999999999734e+00 1.000000000000000000e+00
1.142499999999999849e+00 1.000000000000000000e+00
1.147499999999999742e+00 1.000000000000000000e+00
1.152499999999999858e+00 1.000000000000000000e+00
1.157499999999999751e+00 1.000000000000000000e+00
1.162499999999999867e+00 1.000000000000000000e+00
1.167499999999999760e+00 1.000000000000000000e+00
1.172499999999999876e+00 1.000000000000000000e+00
1.177499999999999769e+00 1.000000000000000000e+00
1.182499999999999662e+00 1.000000000000000000e+00
1.187499999999999778e+00 1.000000000000000000e+00
1.192499999999999671e+00 1.000000000000000000e+00
1.197499999999999787e+00 1.000000000000000000e+00
1.202499999999999680e+00 1.000000000000000000e+00
1.207499999999999796e+00 1.000000000000000000e+00
1.212499999999999689e+00 1.000000000000000000e+00
1.217499999999999805e+00 1.000000000000000000e+00
1.222499999999999698e+00 1.000000000000000000e+00
1.227499999999999813e+00 1.000000000000000000e+00
1.232499999999999707e+00 1.000000000000000000e+00
1.237499999999999822e+00 1.000000000000000000e+00
1.242499999999999716e+00 1.000000000000000000e+00
1.247499999999999831e+00 1.000000000000000000e+00
1.252499999999999725e+00 1.000000000000000000e+00
1.257499999999999840e+00 1.000000000000000000e+00
1.262499999999999734e+00 1.000000000000000000e+00
1.267499999999999849e+00 1.000000000000000000e+00
1.272499999999999742e+00 1.000000000000000000e+00
1.277499999999999858e+00 1.000000000000000000e+00
1.282499999999999751e+00 1.000000000000000000e+00
1.287499999999999645e+00 1.000000000000000000e+00
1.292499999999999760e+00 1.000000000000000000e+00
1.297499999999999654e+00 1.000000000000000000e+00
1.302499999999999769e+00 1.000000000000000000e+00
1.307499999999999662e+00 1.000000000000000000e+00
1.312499999999999778e+00 1.000000000000000000e+00
1.317499999999999671e+00 1.000000000000000000e+00
1.322499999999999787e+00 1.000000000000000000e+00
1.327499999999999680e+00 1.000000000000000000e+00
1.332499999999999796e+00 1.000000000000000000e+00
1.337499999999999689e+00 1.000000000000000000e+00
1.342499999999999805e+00 1.000000000000000000e+00
1.347499999999999698e+00 1.000000000000000000e+00
1.352499999999999813e+00 1.000000000000000000e+00
1.357499999999999707e+00 1.000000000000000000e+00
1.362499999999999822e+00 1.000000000000000000e+00
1.367499999999999716e+00 1.000000000000000000e+00
1.372499999999999831e+00 1.000000000000000000e+00
1.377499999999999725e+00 1.000000000000000000e+00
1.382499999999999840e+00 1.000000000000000000e+00
1.387499999999999734e+00 1.000000000000000000e+00
1.392499999999999627e+00 1.000000000000000000e+00
1.397499999999999742e+00 1.000000000000000000e+00
1.402499999999999636e+00 1.000000000000000000e+00
1.407499999999999751e+00 1.000000000000000000e+00
1.412499999999999645e+00 1.000000000000000000e+00
1.417499999999999760e+00 1.000000000000000000e+00
1.422499999999999654e+00 1.000000000000000000e+00
1.427499999999999769e+00 1.000000000000000000e+00
1.432499999999999662e+00 1.000000000000000000e+00
1.437499999999999778e+00 1.000000000000000000e+00
1.442499999999999671e+00 1.000000000000000000e+00
1.447499999999999787e+00 1.000000000000000000e+00
1.452499999999999680e+00 1.000000000000000000e+00
1.457499999999999796e+00 1.000000000000000000e+00
1.462499999999999689e+00 1.000000000000000000e+00
1.467499999999999805e+00 1.000000000000000000e+00
1.472499999999999698e+00 1.000000000000000000e+00
1.477499999999999813e+00 1.000000000000000000e+00
1.482499999999999707e+00 1.000000000000000000e+00
1.487499999999999822e+00 1.000000000000000000e+00
1.492499999999999716e+00 1.000000000000000000e+00
1.497499999999999609e+00 1.000000000000000000e+00
1.502499999999999725e+00 1.000000000000000000e+00
1.507499999999999618e+00 1.000000000000000000e+00
1.512499999999999734e+00 1.000000000000000000e+00
1.517499999999999627e+00 1.000000000000000000e+00
1.522499999999999742e+00 1.000000000000000000e+00
1.527499999999999636e+00 1.000000000000000000e+00
1.532499999999999751e+00 1.000000000000000000e+00
1.537499999999999645e+00 1.000000000000000000e+00
1.542499999999999760e+00 1.000000000000000000e+00
1.547499999999999654e+00 1.000000000000000000e+00
1.552499999999999769e+00 1.000000000000000000e+00
1.557499999999999662e+00 1.000000000000000000e+00
1.562499999999999778e+00 1.000000000000000000e+00
1.567499999999999671e+00 1.000000000000000000e+00
1.572499999999999787e+00 1.000000000000000000e+00
1.577499999999999680e+00 1.000000000000000000e+00
1.582499999999999796e+00 1.000000000000000000e+00
1.587499999999999689e+00 1.000000000000000000e+00
1.592499999999999805e+00 1.000000000000000000e+00
1.597499999999999698e+00 1.000000000000000000e+00
1.602499999999999591e+00 1.000000000000000000e+00
1.607499999999999707e+00 1.000000000000000000e+00
1.612499999999999600e+00 1.000000000000000000e+00
1.617499999999999716e+00 1.000000000000000000e+00
1.622499999999999609e+00 1.000000000000000000e+00
1.627499999999999725e+00 1.000000000000000000e+00
1.632499999999999618e+00 1.000000000000000000e+00
1.637499999999999734e+00 1.000000000000000000e+00
1.642499999999999627e+00 1.000000000000000000e+00
1.647499999999999742e+00 1.000000000000000000e+00
1.652499999999999636e+00 1.000000000000000000e+00
1.657499999999999751e+00 1.000000000000000000e+00
1.662499999999999645e+00 1.000000000000000000e+00
1.667499999999999760e+00 1.000000000000000000e+00
1.672499999999999654e+00 1.000000000000000000e+00
1.677499999999999769e+00 1.000000000000000000e+00
1.682499999999999662e+00 1.000000000000000000e+00
1.687499999999999778e+00 1.000000000000000000e+00
1.692499999999999671e+00 1.000000000000000000e+00
1.697499999999999787e+00 1.000000000000000000e+00
1.702499999999999680e+00 1.000000000000000000e+00
1.707499999999999796e+00 1.000000000000000000e+00
1.712499999999999689e+00 1.000000000000000000e+00
1.717499999999999583e+00 1.000000000000000000e+00
1.722499999999999698e+00 1.000000000000000000e+00
1.727499999999999591e+00 1.000000000000000000e+00
1.732499999999999707e+00 1.000000000000000000e+00
1.737499999999999600e+00 1.000000000000000000e+00
1.742499999999999716e+00 1.000000000000000000e+00
1.747499999999999609e+00 1.000000000000000000e+00
1.752499999999999725e+00 1.000000000000000000e+00
1.757499999999999618e+00 1.000000000000000000e+00
1.762499999999999734e+00 1.000000000000000000e+00
1.767499999999999627e+00 1.000000000000000000e+00
1.772499999999999742e+00 1.000000000000000000e+00
1.777499999999999636e+00 1.000000000000000000e+00
1.782499999999999751e+00 1.000000000000000000e+00
1.787499999999999645e+00 1.000000000000000000e+00
1.792499999999999760e+00 1.000000000000000000e+00
1.797499999999999654e+00 1.000000000000000000e+00
1.802499999999999769e+00 1.000000000000000000e+00
1.807499999999999662e+00 1.000000000000000000e+00
1.812499999999999778e+00 1.000000000000000000e+00
1.817499999999999671e+00 1.000000000000000000e+00
1.822499999999999565e+00 1.000000000000000000e+00
1.827499999999999680e+00 1.000000000000000000e+00
1.832499999999999574e+00 1.000000000000000000e+00
1.837499999999999689e+00 1.000000000000000000e+00
1.842499999999999583e+00 1.000000000000000000e+00
1.847499999999999698e+00 1.000000000000000000e+00
1.852499999999999591e+00 1.000000000000000000e+00
1.857499999999999707e+00 1.000000000000000000e+00
1.862499999999999600e+00 1.000000000000000000e+00
1.867499999999999716e+00 1.000000000000000000e+00
1.872499999999999609e+00 1.000000000000000000e+00
1.877499999999999725e+00 1.000000000000000000e+00
1.882499999999999618e+00 1.000000000000000000e+00
1.887499999999999734e+00 1.000000000000000000e+00
1.892499999999999627e+00 1.000000000000000000e+00
1.897499999999999742e+00 1.000000000000000000e+00
1.902499999999999636e+00 1.000000000000000000e+00
1.907499999999999751e+00 1.000000000000000000e+00
1.912499999999999645e+00 1.000000000000000000e+00
1.917499999999999760e+00 1.000000000000000000e+00
1.922499999999999654e+00 1.000000000000000000e+00
1.927499999999999547e+00 1.000000000000000000e+00
1.932499999999999662e+00 1.000000000000000000e+00
1.937499999999999556e+00 1.000000000000000000e+00
1.942499999999999671e+00 1.000000000000000000e+00
1.947499999999999565e+00 1.000000000000000000e+00
1.952499999999999680e+00 1.000000000000000000e+00
1.957499999999999574e+00 1.000000000000000000e+00
1.962499999999999689e+00 1.000000000000000000e+00
1.967499999999999583e+00 1.000000000000000000e+00
1.972499999999999698e+00 1.000000000000000000e+00
1.977499999999999591e+00 1.000000000000000000e+00
1.982499999999999707e+00 1.000000000000000000e+00
1.987499999999999600e+00 1.000000000000000000e+00
1.992499999999999716e+00 1.000000000000000000e+00
1.997499999999999609e+00 1.000000000000000000e+00
2.002499999999999947e+00 1.000000000000000000e+00
2.007499999999999840e+00 1.000000000000000000e+00
2.012499999999999734e+00 1.000000000000000000e+00
2.017499999999999627e+00 1.000000000000000000e+00
2.022499999999999520e+00 1.000000000000000000e+00
2.027499999999999858e+00 1.000000000000000000e+00
2.032499999999999751e+00 1.000000000000000000e+00
2.037499999999999645e+00 1.000000000000000000e+00
2.042499999999999538e+00 1.000000000000000000e+00
2.047499999999999432e+00 1.000000000000000000e+00
2.052499999999999769e+00 1.000000000000000000e+00
2.057499999999999662e+00 1.000000000000000000e+00
2.062499999999999556e+00 1.000000000000000000e+00
2.067499999999999449e+00 1.000000000000000000e+00
2.072499999999999787e+00 1.000000000000000000e+00
2.077499999999999680e+00 1.000000000000000000e+00
2.082499999999999574e+00 1.000000000000000000e+00
2.087499999999999467e+00 1.000000000000000000e+00
2.092499999999999805e+00 1.000000000000000000e+00
2.097499999999999698e+00 1.000000000000000000e+00
2.102499999999999591e+00 1.000000000000000000e+00
2.107499999999999485e+00 1.000000000000000000e+00
2.112499999999999822e+00 1.000000000000000000e+00
2.117499999999999716e+00 1.000000000000000000e+00
2.122499999999999609e+00 1.000000000000000000e+00
2.127499999999999503e+00 1.000000000000000000e+00
2.132499999999999840e+00 1.000000000000000000e+00
2.137499999999999734e+00 1.000000000000000000e+00
2.142499999999999627e+00 1.000000000000000000e+00
2.147499999999999520e+00 1.000000000000000000e+00
2.152499999999999414e+00 1.000000000000000000e+00
2.157499999999999751e+00 1.000000000000000000e+00
2.162499999999999645e+00 1.000000000000000000e+00
2.167499999999999538e+00 1.000000000000000000e+00
2.172499999999999432e+00 1.000000000000000000e+00
2.177499999999999769e+00 1.000000000000000000e+00
2.182499999999999662e+00 1.000000000000000000e+00
2.187499999999999556e+00 1.000000000000000000e+00
2.192499999999999449e+00 1.000000000000000000e+00
2.197499999999999787e+00 1.000000000000000000e+00
2.202499999999999680e+00 1.000000000000000000e+00
2.207499999999999574e+00 1.000000000000000000e+00
2.212499999999999467e+00 1.000000000000000000e+00
2.217499999999999805e+00 1.000000000000000000e+00
2.222499999999999698e+00 1.000000000000000000e+00
2.227499999999999591e+00 1.000000000000000000e+00
2.232499999999999485e+00 1.000000000000000000e+00
2.237499999999999822e+00 1.000000000000000000e+00
2.242499999999999716e+00 1.000000000000000000e+00
2.247499999999999609e+00 1.000000000000000000e+00
2.252499999999999503e+00 1.000000000000000000e+00
2.257499999999999396e+00 1.000000000000000000e+00
2.262499999999999734e+00 1.000000000000000000e+00
2.267499999999999627e+00 1.000000000000000000e+00
2.272499999999999520e+00 1.000000000000000000e+00
2.277499999999999414e+00 1.000000000000000000e+00
2.282499999999999751e+00 1.000000000000000000e+00
2.287499999999999645e+00 1.000000000000000000e+00
2.292499999999999538e+00 1.000000000000000000e+00
2.297499999999999432e+00 1.000000000000000000e+00
2.302499999999999769e+00 1.000000000000000000e+00
2.307499999999999662e+00 1.000000000000000000e+00
2.312499999999999556e+00 1.000000000000000000e+00
2.317499999999999449e+00 1.000000000000000000e+00
2.322499999999999787e+00 1.000000000000000000e+00
2.327499999999999680e+00 1.000000000000000000e+00
2.332499999999999574e+00 1.000000000000000000e+00
2.337499999999999467e+00 1.000000000000000000e+00
2.342499999999999805e+00 1.000000000000000000e+00
2.347499999999999698e+00 1.000000000000000000e+00
2.352499999999999591e+00 1.000000000000000000e+00
2.357499999999999485e+00 1.000000000000000000e+00
2.362499999999999378e+00 1.000000000000000000e+00
2.367499999999999716e+00 1.000000000000000000e+00
2.372499999999999609e+00 1.000000000000000000e+00
2.377499999999999503e+00 1.000000000000000000e+00
2.382499999999999396e+00 1.000000000000000000e+00
2.387499999999999734e+00 1.000000000000000000e+00
2.392499999999999627e+00 1.000000000000000000e+00
2.397499999999999520e+00 1.000000000000000000e+00
2.402499999999999414e+00 1.000000000000000000e+00
2.407499999999999751e+00 1.000000000000000000e+00
2.412499999999999645e+00 1.000000000000000000e+00
2.417499999999999538e+00 1.000000000000000000e+00
2.422499999999999432e+00 1.000000000000000000e+00
2.427499999999999769e+00 1.000000000000000000e+00
2.432499999999999662e+00 1.000000000000000000e+00
2.437499999999999556e+00 1.000000000000000000e+00
2.442499999999999449e+00 1.000000000000000000e+00
2.447499999999999787e+00 1.000000000000000000e+00
2.452499999999999680e+00 1.000000000000000000e+00
2.457499999999999574e+00 1.000000000000000000e+00
2.462499999999999467e+00 1.000000000000000000e+00
2.467499999999999361e+00 1.000000000000000000e+00
2.472499999999999698e+00 1.000000000000000000e+00
2.477499999999999591e+00 1.000000000000000000e+00
2.482499999999999485e+00 1.000000000000000000e+00
2.487499999999999378e+00 1.000000000000000000e+00
2.492499999999999716e+00 1.000000000000000000e+00
2.497499999999999609e+00 1.000000000000000000e+00
2.502499999999999503e+00 1.000000000000000000e+00
2.507499999999999396e+00 1.000000000000000000e+00
2.512499999999999734e+00 1.000000000000000000e+00
2.517499999999999627e+00 1.000000000000000000e+00
2.522499999999999520e+00 1.000000000000000000e+00
2.527499999999999414e+00 1.000000000000000000e+00
2.532499999999999751e+00 1.000000000000000000e+00
2.537499999999999645e+00 1.000000000000000000e+00
2.542499999999999538e+00 1.000000000000000000e+00
2.547499999999999432e+00 1.000000000000000000e+00
2.552499999999999769e+00 1.000000000000000000e+00
2.557499999999999662e+00 1.000000000000000000e+00
2.562499999999999556e+00 1.000000000000000000e+00
2.567499999999999449e+00 1.000000000000000000e+00
2.572499999999999343e+00 1.000000000000000000e+00
2.577499999999999680e+00 1.000000000000000000e+00
2.582499999999999574e+00 1.000000000000000000e+00
2.587499999999999467e+00 1.000000000000000000e+00
2.592499999999999361e+00 1.000000000000000000e+00
2.597499999999999698e+00 1.000000000000000000e+00
2.602499999999999591e+00 1.000000000000000000e+00
2.607499999999999485e+00 1.000000000000000000e+00
2.612499999999999378e+00 1.000000000000000000e+00
2.617499999999999716e+00 1.000000000000000000e+00
2.622499999999999609e+00 1.000000000000000000e+00
2.627499999999999503e+00 1.000000000000000000e+00
2.632499999999999396e+00 1.000000000000000000e+00
2.637499999999999734e+00 1.000000000000000000e+00
2.642499999999999627e+00 1.000000000000000000e+00
2.647499999999999520e+00 1.000000000000000000e+00
2.652499999999999414e+00 1.000000000000000000e+00
2.657499999999999751e+00 1.000000000000000000e+00
2.662499999999999645e+00 1.000000000000000000e+00
2.667499999999999538e+00 1.000000000000000000e+00
2.672499999999999432e+00 1.000000000000000000e+00
2.677499999999999325e+00 1.000000000000000000e+00
2.682499999999999662e+00 1.000000000000000000e+00
2.687499999999999556e+00 1.000000000000000000e+00
2.692499999999999449e+00 1.000000000000000000e+00
2.697499999999999343e+00 1.000000000000000000e+00
2.702499999999999680e+00 1.000000000000000000e+00
2.707499999999999574e+00 1.000000000000000000e+00
2.712499999999999467e+00 1.000000000000000000e+00
2.717499999999999361e+00 1.000000000000000000e+00
2.722499999999999698e+00 1.000000000000000000e+00
2.727499999999999591e+00 1.000000000000000000e+00
2.732499999999999485e+00 1.000000000000000000e+00
2.737499999999999378e+00 1.000000000000000000e+00
2.742499999999999716e+00 1.000000000000000000e+00
2.747499999999999609e+00 1.000000000000000000e+00
2.752499999999999503e+00 1.000000000000000000e+00
2.757499999999999396e+00 1.000000000000000000e+00
2.762499999999999734e+00 1.000000000000000000e+00
2.767499999999999627e+00 1.000000000000000000e+00
2.772499999999999520e+00 1.000000000000000000e+00
2.777499999999999414e+00 1.000000000000000000e+00
2.782499999999999307e+00 1.000000000000000000e+00
2.787499999999999645e+00 1.000000000000000000e+00
2.792499999999999538e+00 1.000000000000000000e+00
2.797499999999999432e+00 1.000000000000000000e+00
2.802499999999999325e+00 1.000000000000000000e+00
2.807499999999999662e+00 1.000000000000000000e+00
2.812499999999999556e+00 1.000000000000000000e+00
2.817499999999999449e+00 1.000000000000000000e+00
2.822499999999999343e+00 1.000000000000000000e+00
2.827499999999999680e+00 1.000000000000000000e+00
2.832499999999999574e+00 1.000000000000000000e+00
2.837499999999999467e+00 1.000000000000000000e+00
2.842499999999999361e+00 1.000000000000000000e+00
2.847499999999999698e+00 1.000000000000000000e+00
2.852499999999999591e+00 1.000000000000000000e+00
2.857499999999999485e+00 1.000000000000000000e+00
2.862499999999999378e+00 1.000000000000000000e+00
2.867499999999999716e+00 1.000000000000000000e+00
2.872499999999999609e+00 1.000000000000000000e+00
2.877499999999999503e+00 1.000000000000000000e+00
2.882499999999999396e+00 1.000000000000000000e+00
2.887499999999999289e+00 1.000000000000000000e+00
2.892499999999999627e+00 1.000000000000000000e+00
2.897499999999999520e+00 1.000000000000000000e+00
2.902499999999999414e+00 1.000000000000000000e+00
2.907499999999999307e+00 1.000000000000000000e+00
2.912499999999999645e+00 1.000000000000000000e+00
2.917499999999999538e+00 1.000000000000000000e+00
2.922499999999999432e+00 1.000000000000000000e+00
2.927499999999999325e+00 1.000000000000000000e+00
2.932499999999999662e+00 1.000000000000000000e+00
2.937499999999999556e+00 1.000000000000000000e+00
2.942499999999999449e+00 1.000000000000000000e+00
2.947499999999999343e+00 1.000000000000000000e+00
2.952499999999999680e+00 1.000000000000000000e+00
2.957499999999999574e+00 1.000000000000000000e+00
2.962499999999999467e+00 1.000000000000000000e+00
2.967499999999999361e+00 1.000000000000000000e+00
2.972499999999999698e+00 1.000000000000000000e+00
2.977499999999999591e+00 1.000000000000000000e+00
2.982499999999999485e+00 1.000000000000000000e+00
2.987499999999999378e+00 1.000000000000000000e+00
2.992499999999999272e+00 1.000000000000000000e+00
2.997499999999999609e+00 1.000000000000000000e+00
3.002499999999999503e+00 1.000000000000000000e+00
3.007499999999999396e+00 1.000000000000000000e+00
3.012499999999999289e+00 1.000000000000000000e+00
3.017499999999999627e+00 1.000000000000000000e+00
3.022499999999999520e+00 1.000000000000000000e+00
3.027499999999999414e+00 1.000000000000000000e+00
3.032499999999999307e+00 1.000000000000000000e+00
3.037499999999999645e+00 1.000000000000000000e+00
3.042499999999999538e+00 1.000000000000000000e+00
3.047499999999999432e+00 1.000000000000000000e+00
3.052499999999999325e+00 1.000000000000000000e+00
3.057499999999999662e+00 1.000000000000000000e+00
3.062499999999999556e+00 1.000000000000000000e+00
3.067499999999999449e+00 1.000000000000000000e+00
3.072499999999999343e+00 1.000000000000000000e+00
3.077499999999999680e+00 1.000000000000000000e+00
3.082499999999999574e+00 1.000000000000000000e+00
3.087499999999999467e+00 1.000000000000000000e+00
3.092499999999999361e+00 1.000000000000000000e+00
3.097499999999999254e+00 1.000000000000000000e+00
3.102499999999999591e+00 1.000000000000000000e+00
3.107499999999999485e+00 1.000000000000000000e+00
3.112499999999999378e+00 1.000000000000000000e+00
3.117499999999999272e+00 1.000000000000000000e+00
3.122499999999999609e+00 1.000000000000000000e+00
3.127499999999999503e+00 1.000000000000000000e+00
3.132499999999999396e+00 1.000000000000000000e+00
3.137499999999999289e+00 1.000000000000000000e+00
3.142499999999999627e+00 1.000000000000000000e+00
3.147499999999999520e+00 1.000000000000000000e+00
3.152499999999999414e+00 1.000000000000000000e+00
3.157499999999999307e+00 1.000000000000000000e+00
3.162499999999999645e+00 1.000000000000000000e+00
3.167499999999999538e+00 1.000000000000000000e+00
3.172499999999999432e+00 1.000000000000000000e+00
3.177499999999999325e+00 1.000000000000000000e+00
3.182499999999999662e+00 1.000000000000000000e+00
3.187499999999999556e+00 1.000000000000000000e+00
3.192499999999999449e+00 1.000000000000000000e+00
3.197499999999999343e+00 1.000000000000000000e+00
3.202499999999999236e+00 1.000000000000000000e+00
3.207499999999999574e+00 1.000000000000000000e+00
3.212499999999999467e+00 1.000000000000000000e+00
3.217499999999999361e+00 1.000000000000000000e+00
3.222499999999999254e+00 1.000000000000000000e+00
3.227499999999999591e+00 1.000000000000000000e+00
3.232499999999999485e+00 1.000000000000000000e+00
3.237499999999999378e+00 1.000000000000000000e+00
3.242499999999999272e+00 1.000000000000000000e+00
3.247499999999999609e+00 1.000000000000000000e+00
3.252499999999999503e+00 1.000000000000000000e+00
3.257499999999999396e+00 1.000000000000000000e+00
3.262499999999999289e+00 1.000000000000000000e+00
3.267499999999999627e+00 1.000000000000000000e+00
3.272499999999999520e+00 1.000000000000000000e+00
3.277499999999999414e+00 1.000000000000000000e+00
3.282499999999999307e+00 1.000000000000000000e+00
3.287499999999999645e+00 1.000000000000000000e+00
3.292499999999999538e+00 1.000000000000000000e+00
3.297499999999999432e+00 1.000000000000000000e+00
3.302499999999999325e+00 1.000000000000000000e+00
3.307499999999999662e+00 1.000000000000000000e+00
3.312499999999999556e+00 1.000000000000000000e+00
3.317499999999999449e+00 1.000000000000000000e+00
3.322499999999999343e+00 1.000000000000000000e+00
3.327499999999999236e+00 1.000000000000000000e+00
3.332499999999999574e+00 1.000000000000000000e+00
3.337499999999999467e+00 1.000000000000000000e+00
3.342499999999999361e+00 1.000000000000000000e+00
3.347499999999999254e+00 1.000000000000000000e+00
3.352499999999999591e+00 1.000000000000000000e+00
3.357499999999999485e+00 1.000000000000000000e+00
3.362499999999999378e+00 1.000000000000000000e+00
3.367499999999999272e+00 1.000000000000000000e+00
3.372499999999999609e+00 1.000000000000000000e+00
3.377499999999999503e+00 1.000000000000000000e+00
3.382499999999999396e+00 1.000000000000000000e+00
3.387499999999999289e+00 1.000000000000000000e+00
3.392499999999999627e+00 1.000000000000000000e+00
3.397499999999999520e+00 1.000000000000000000e+00
3.402499999999999414e+00 1.000000000000000000e+00
3.407499999999999307e+00 1.000000000000000000e+00
3.412499999999999645e+00 1.000000000000000000e+00
3.417499999999999538e+00 1.000000000000000000e+00
3.422499999999999432e+00 1.000000000000000000e+00
3.427499999999999325e+00 1.000000000000000000e+00
3.432499999999999218e+00 1.000000000000000000e+00
3.437499999999999556e+00 1.000000000000000000e+00
3.442499999999999449e+00 1.000000000000000000e+00
3.447499999999999343e+00 1.000000000000000000e+00
3.452499999999999236e+00 1.000000000000000000e+00
3.457499999999999574e+00 1.000000000000000000e+00
3.462499999999999467e+00 1.000000000000000000e+00
3.467499999999999361e+00 1.000000000000000000e+00
3.472499999999999254e+00 1.000000000000000000e+00
3.477499999999999591e+00 1.000000000000000000e+00
3.482499999999999485e+00 1.000000000000000000e+00
3.487499999999999378e+00 1.000000000000000000e+00
3.492499999999999272e+00 1.000000000000000000e+00
3.497499999999999609e+00 1.000000000000000000e+00
3.502499999999999503e+00 1.000000000000000000e+00
3.507499999999999396e+00 1.000000000000000000e+00
3.512499999999999289e+00 1.000000000000000000e+00
3.517499999999999627e+00 1.000000000000000000e+00
3.522499999999999520e+00 1.000000000000000000e+00
3.527499999999999414e+00 1.000000000000000000e+00
3.532499999999999307e+00 1.000000000000000000e+00
3.537499999999999201e+00 1.000000000000000000e+00
3.542499999999999538e+00 1.000000000000000000e+00
3.547499999999999432e+00 1.000000000000000000e+00
3.552499999999999325e+00 1.000000000000000000e+00
3.557499999999999218e+00 1.000000000000000000e+00
3.562499999999999556e+00 1.000000000000000000e+00
3.567499999999999449e+00 1.000000000000000000e+00
3.572499999999999343e+00 1.000000000000000000e+00
3.577499999999999236e+00 1.000000000000000000e+00
3.582499999999999574e+00 1.000000000000000000e+00
3.587499999999999467e+00 1.000000000000000000e+00
3.592499999999999361e+00 1.000000000000000000e+00
3.597499999999999254e+00 1.000000000000000000e+00
3.602499999999999591e+00 1.000000000000000000e+00
3.607499999999999485e+00 1.000000000000000000e+00
3.612499999999999378e+00 1.000000000000000000e+00
3.617499999999999272e+00 1.000000000000000000e+00
3.622499999999999609e+00 1.000000000000000000e+00
3.627499999999999503e+00 1.000000000000000000e+00
3.632499999999999396e+00 1.000000000000000000e+00
3.637499999999999289e+00 1.000000000000000000e+00
3.642499999999999183e+00 1.000000000000000000e+00
3.647499999999999520e+00 1.000000000000000000e+00
3.652499999999999414e+00 1.000000000000000000e+00
3.657499999999999307e+00 1.000000000000000000e+00
3.662499999999999201e+00 1.000000000000000000e+00
3.667499999999999538e+00 1.000000000000000000e+00
3.672499999999999432e+00 1.000000000000000000e+00
3.677499999999999325e+00 1.000000000000000000e+00
3.682499999999999218e+00 1.000000000000000000e+00
3.687499999999999556e+00 1.000000000000000000e+00
3.692499999999999449e+00 1.000000000000000000e+00
3.697499999999999343e+00 1.000000000000000000e+00
3.702499999999999236e+00 1.000000000000000000e+00
3.707499999999999574e+00 1.000000000000000000e+00
3.712499999999999467e+00 1.000000000000000000e+00
3.717499999999999361e+00 1.000000000000000000e+00
3.722499999999999254e+00 1.000000000000000000e+00
3.727499999999999591e+00 1.000000000000000000e+00
3.732499999999999485e+00 1.000000000000000000e+00
3.737499999999999378e+00 1.000000000000000000e+00
3.742499999999999272e+00 1.000000000000000000e+00
3.747499999999999165e+00 1.000000000000000000e+00
3.752499999999999503e+00 1.000000000000000000e+00
3.757499999999999396e+00 1.000000000000000000e+00
3.762499999999999289e+00 1.000000000000000000e+00
3.767499999999999183e+00 1.000000000000000000e+00
3.772499999999999520e+00 1.000000000000000000e+00
3.777499999999999414e+00 1.000000000000000000e+00
3.782499999999999307e+00 1.000000000000000000e+00
3.787499999999999201e+00 1.000000000000000000e+00
3.792499999999999538e+00 1.000000000000000000e+00
3.797499999999999432e+00 1.000000000000000000e+00
3.802499999999999325e+00 1.000000000000000000e+00
3.807499999999999218e+00 1.000000000000000000e+00
3.812499999999999556e+00 1.000000000000000000e+00
3.817499999999999449e+00 1.000000000000000000e+00
3.822499999999999343e+00 1.000000000000000000e+00
3.827499999999999236e+00 1.000000000000000000e+00
3.832499999999999574e+00 1.000000000000000000e+00
3.837499999999999467e+00 1.000000000000000000e+00
3.842499999999999361e+00 1.000000000000000000e+00
3.847499999999999254e+00 1.000000000000000000e+00
3.852499999999999147e+00 1.000000000000000000e+00
3.857499999999999485e+00 1.000000000000000000e+00
3.862499999999999378e+00 1.000000000000000000e+00
3.867499999999999272e+00 1.000000000000000000e+00
3.872499999999999165e+00 1.000000000000000000e+00
3.877499999999999503e+00 1.000000000000000000e+00
3.882499999999999396e+00 1.000000000000000000e+00
3.887499999999999289e+00 1.000000000000000000e+00
3.892499999999999183e+00 1.000000000000000000e+00
3.897499999999999520e+00 1.000000000000000000e+00
3.902499999999999414e+00 1.000000000000000000e+00
3.907499999999999307e+00 1.000000000000000000e+00
3.912499999999999201e+00 1.000000000000000000e+00
3.917499999999999538e+00 1.000000000000000000e+00
3.922499999999999432e+00 1.000000000000000000e+00
3.927499999999999325e+00 1.000000000000000000e+00
3.932499999999999218e+00 1.000000000000000000e+00
3.937499999999999556e+00 1.000000000000000000e+00
3.942499999999999449e+00 1.000000000000000000e+00
3.947499999999999343e+00 1.000000000000000000e+00
3.952499999999999236e+00 1.000000000000000000e+00
3.957499999999999130e+00 1.000000000000000000e+00
3.962499999999999467e+00 1.000000000000000000e+00
3.967499999999999361e+00 1.000000000000000000e+00
3.972499999999999254e+00 1.000000000000000000e+00
3.977499999999999147e+00 1.000000000000000000e+00
3.982499999999999485e+00 1.000000000000000000e+00
3.987499999999999378e+00 1.000000000000000000e+00
3.992499999999999272e+00 1.000000000000000000e+00
3.997499999999999165e+00 1.000000000000000000e+00
4.002499999999999503e+00 1.000000000000000000e+00
4.007499999999999396e+00 1.000000000000000000e+00
4.012500000000000178e+00 1.000000000000000000e+00
4.017500000000000071e+00 1.000000000000000000e+00
4.022499999999999964e+00 1.000000000000000000e+00
4.027499999999999858e+00 1.000000000000000000e+00
4.032499999999999751e+00 1.000000000000000000e+00
4.037499999999999645e+00 1.000000000000000000e+00
4.042499999999999538e+00 1.000000000000000000e+00
4.047499999999999432e+00 1.000000000000000000e+00
4.052500000000000213e+00 1.000000000000000000e+00
4.057500000000000107e+00 1.000000000000000000e+00
4.062500000000000000e+00 1.000000000000000000e+00
4.067499999999999893e+00 1.000000000000000000e+00
4.072499999999999787e+00 1.000000000000000000e+00
4.077499999999999680e+00 1.000000000000000000e+00
4.082499999999999574e+00 1.000000000000000000e+00
4.087499999999999467e+00 1.000000000000000000e+00
4.092499999999999361e+00 1.000000000000000000e+00
4.097500000000000142e+00 1.000000000000000000e+00
4.102500000000000036e+00 1.000000000000000000e+00
4.107499999999999929e+00 1.000000000000000000e+00
4.112499999999999822e+00 1.000000000000000000e+00
4.117499999999999716e+00 1.000000000000000000e+00
4.122499999999999609e+00 1.000000000000000000e+00
4.127499999999999503e+00 1.000000000000000000e+00
4.132499999999999396e+00 1.000000000000000000e+00
4.137500000000000178e+00 1.000000000000000000e+00
4.142500000000000071e+00 1.000000000000000000e+00
4.147499999999999964e+00 1.000000000000000000e+00
4.152499999999999858e+00 1.000000000000000000e+00
4.157499999999999751e+00 1.000000000000000000e+00
4.162499999999999645e+00 1.000000000000000000e+00
4.167499999999999538e+00 1.000000000000000000e+00
4.172499999999999432e+00 1.000000000000000000e+00
4.177499999999999325e+00 1.000000000000000000e+00
4.182500000000000107e+00 1.000000000000000000e+00
4.187500000000000000e+00 1.000000000000000000e+00
4.192499999999999893e+00 1.000000000000000000e+00
4.197499999999999787e+00 1.000000000000000000e+00
4.202499999999999680e+00 1.000000000000000000e+00
4.207499999999999574e+00 1.000000000000000000e+00
4.212499999999999467e+00 1.000000000000000000e+00
4.217499999999999361e+00 1.000000000000000000e+00
4.222500000000000142e+00 1.000000000000000000e+00
4.227500000000000036e+00 1.000000000000000000e+00
4.232499999999999929e+00 1.000000000000000000e+00
4.237499999999999822e+00 1.000000000000000000e+00
4.242499999999999716e+00 1.000000000000000000e+00
4.247499999999999609e+00 1.000000000000000000e+00
4.252499999999999503e+00 1.000000000000000000e+00
4.257499999999999396e+00 1.000000000000000000e+00
4.262500000000000178e+00 1.000000000000000000e+00
4.267500000000000071e+00 1.000000000000000000e+00
4.272499999999999964e+00 1.000000000000000000e+00
4.277499999999999858e+00 1.000000000000000000e+00
4.282499999999999751e+00 1.000000000000000000e+00
4.287499999999999645e+00 1.000000000000000000e+00
4.292499999999999538e+00 1.000000000000000000e+00
4.297499999999999432e+00 1.000000000000000000e+00
4.302499999999999325e+00 1.000000000000000000e+00
4.307500000000000107e+00 1.000000000000000000e+00
4.312500000000000000e+00 1.000000000000000000e+00
4.317499999999999893e+00 1.000000000000000000e+00
4.322499999999999787e+00 1.000000000000000000e+00
4.327499999999999680e+00 1.000000000000000000e+00
4.332499999999999574e+00 1.000000000000000000e+00
4.337499999999999467e+00 1.000000000000000000e+00
4.342499999999999361e+00 1.000000000000000000e+00
4.347500000000000142e+00 1.000000000000000000e+00
4.352500000000000036e+00 1.000000000000000000e+00
4.357499999999999929e+00 1.000000000000000000e+00
4.362499999999999822e+00 1.000000000000000000e+00
4.367499999999999716e+00 1.000000000000000000e+00
4.372499999999999609e+00 1.000000000000000000e+00
4.377499999999999503e+00 1.000000000000000000e+00
4.382499999999999396e+00 1.000000000000000000e+00
4.387499999999999289e+00 1.000000000000000000e+00
4.392500000000000071e+00 1.000000000000000000e+00
4.397499999999999964e+00 1.000000000000000000e+00
4.402499999999999858e+00 1.000000000000000000e+00
4.407499999999999751e+00 1.000000000000000000e+00
4.412499999999999645e+00 1.000000000000000000e+00
4.417499999999999538e+00 1.000000000000000000e+00
4.422499999999999432e+00 1.000000000000000000e+00
4.427499999999999325e+00 1.000000000000000000e+00
4.432500000000000107e+00 1.000000000000000000e+00
4.437500000000000000e+00 1.000000000000000000e+00
4.442499999999999893e+00 1.000000000000000000e+00
4.447499999999999787e+00 1.000000000000000000e+00
4.452499999999999680e+00 1.000000000000000000e+00
4.457499999999999574e+00 1.000000000000000000e+00
4.462499999999999467e+00 1.000000000000000000e+00
4.467499999999999361e+00 1.000000000000000000e+00
4.472500000000000142e+00 1.000000000000000000e+00
4.477500000000000036e+00 1.000000000000000000e+00
4.482499999999999929e+00 1.000000000000000000e+00
4.487499999999999822e+00 1.000000000000000000e+00
4.492499999999999716e+00 1.000000000000000000e+00
4.497499999999999609e+00 1.000000000000000000e+00
4.502499999999999503e+00 1.000000000000000000e+00
4.507499999999999396e+00 1.000000000000000000e+00
4.512499999999999289e+00 1.000000000000000000e+00
4.517500000000000071e+00 1.000000000000000000e+00
4.522499999999999964e+00 1.000000000000000000e+00
4.527499999999999858e+00 1.000000000000000000e+00
4.532499999999999751e+00 1.000000000000000000e+00
4.537499999999999645e+00 1.000000000000000000e+00
4.542499999999999538e+00 1.000000000000000000e+00
4.547499999999999432e+00 1.000000000000000000e+00
4.552499999999999325e+00 1.000000000000000000e+00
4.557500000000000107e+00 1.000000000000000000e+00
4.562500000000000000e+00 1.000000000000000000e+00
4.567499999999999893e+00 1.000000000000000000e+00
4.572499999999999787e+00 1.000000000000000000e+00
4.577499999999999680e+00 1.000000000000000000e+00
4.582499999999999574e+00 1.000000000000000000e+00
4.587499999999999467e+00 1.000000000000000000e+00
4.592499999999999361e+00 1.000000000000000000e+00
4.597499999999999254e+00 1.000000000000000000e+00
4.602500000000000036e+00 1.000000000000000000e+00
4.607499999999999929e+00 1.000000000000000000e+00
4.612499999999999822e+00 1.000000000000000000e+00
4.617499999999999716e+00 1.000000000000000000e+00
4.622499999999999609e+00 1.000000000000000000e+00
4.627499999999999503e+00 1.000000000000000000e+00
4.632499999999999396e+00 1.000000000000000000e+00
4.637499999999999289e+00 1.000000000000000000e+00
4.642500000000000071e+00 1.000000000000000000e+00
4.647499999999999964e+00 1.000000000000000000e+00
4.652499999999999858e+00 1.000000000000000000e+00
4.657499999999999751e+00 1.000000000000000000e+00
4.662499999999999645e+00 1.000000000000000000e+00
4.667499999999999538e+00 1.000000000000000000e+00
4.672499999999999432e+00 1.000000000000000000e+00
4.677499999999999325e+00 1.000000000000000000e+00
4.682500000000000107e+00 1.000000000000000000e+00
4.687500000000000000e+00 1.000000000000000000e+00
4.692499999999999893e+00 1.000000000000000000e+00
4.697499999999999787e+00 1.000000000000000000e+00
4.702499999999999680e+00 1.000000000000000000e+00
4.707499999999999574e+00 1.000000000000000000e+00
4.712499999999999467e+00 1.000000000000000000e+00
4.717499999999999361e+00 1.000000000000000000e+00
4.722499999999999254e+00 1.000000000000000000e+00
4.727500000000000036e+00 1.000000000000000000e+00
4.732499999999999929e+00 1.000000000000000000e+00
4.737499999999999822e+00 1.000000000000000000e+00
4.742499999999999716e+00 1.000000000000000000e+00
4.747499999999999609e+00 1.000000000000000000e+00
4.752499999999999503e+00 1.000000000000000000e+00
4.757499999999999396e+00 1.000000000000000000e+00
4.762499999999999289e+00 1.000000000000000000e+00
4.767500000000000071e+00 1.000000000000000000e+00
4.772499999999999964e+00 1.000000000000000000e+00
4.777499999999999858e+00 1.000000000000000000e+00
4.782499999999999751e+00 1.000000000000000000e+00
4.787499999999999645e+00 1.000000000000000000e+00
4.792499999999999538e+00 1.000000000000000000e+00
4.797499999999999432e+00 1.000000000000000000e+00
4.802499999999999325e+00 1.000000000000000000e+00
4.807499999999999218e+00 1.000000000000000000e+00
4.812500000000000000e+00 1.000000000000000000e+00
4.817499999999999893e+00 1.000000000000000000e+00
4.822499999999999787e+00 1.000000000000000000e+00
4.827499999999999680e+00 1.000000000000000000e+00
4.832499999999999574e+00 1.000000000000000000e+00
4.837499999999999467e+00 1.000000000000000000e+00
4.842499999999999361e+00 1.000000000000000000e+00
4.847499999999999254e+00 1.000000000000000000e+00
4.852500000000000036e+00 1.000000000000000000e+00
4.857499999999999929e+00 1.000000000000000000e+00
4.862499999999999822e+00 1.000000000000000000e+00
4.867499999999999716e+00 1.000000000000000000e+00
4.872499999999999609e+00 1.000000000000000000e+00
4.877499999999999503e+00 1.000000000000000000e+00
4.882499999999999396e+00 1.000000000000000000e+00
4.887499999999999289e+00 1.000000000000000000e+00
4.892500000000000071e+00 1.000000000000000000e+00
4.897499999999999964e+00 1.000000000000000000e+00
4.902499999999999858e+00 1.000000000000000000e+00
4.907499999999999751e+00 1.000000000000000000e+00
4.912499999999999645e+00 1.000000000000000000e+00
4.917499999999999538e+00 1.000000000000000000e+00
4.922499999999999432e+00 1.000000000000000000e+00
4.927499999999999325e+00 1.000000000000000000e+00
4.932499999999999218e+00 1.000000000000000000e+00
4.937500000000000000e+00 1.000000000000000000e+00
4.942499999999999893e+00 1.000000000000000000e+00
4.947499999999999787e+00 1.000000000000000000e+00
4.952499999999999680e+00 1.000000000000000000e+00
4.957499999999999574e+00 1.000000000000000000e+00
4.962499999999999467e+00 1.000000000000000000e+00
4.967499999999999361e+00 1.000000000000000000e+00
4.972499999999999254e+00 1.000000000000000000e+00
4.977500000000000036e+00 1.000000000000000000e+00
4.982499999999999929e+00 1.000000000000000000e+00
4.987499999999999822e+00 1.000000000000000000e+00
4.992499999999999716e+00 1.000000000000000000e+00
4.997499999999999609e+00 1.000000000000000000e+00
